[0.24648423425821958, 0.1554594189794379, 0.246981681404369]
[0.1554594189794379, 0.246981681404369, 0.24712047357225636]
[0.246981681404369, 0.24712047357225636, 0.26339148970370263]
[0.24712047357225636, 0.26339148970370263, 0.28727621231305245]
[0.26339148970370263, 0.28727621231305245, 0.260155156638527]
[0.28727621231305245, 0.260155156638527, 0.2784538717183417]
[0.260155156638527, 0.2784538717183417, 0.19060789544275006]
[0.2784538717183417, 0.19060789544275006, 0.24741742571797015]
[0.19060789544275006, 0.24741742571797015, 0.2975450490524299]
[0.24741742571797015, 0.2975450490524299, 0.28973181064442377]
[0.2975450490524299, 0.28973181064442377, 0.2795244736789809]
[0.28973181064442377, 0.2795244736789809, 0.2752932667651636]
[0.2795244736789809, 0.2752932667651636, 0.2590940397378828]
[0.2752932667651636, 0.2590940397378828, 0.27556045332524703]
[0.2590940397378828, 0.27556045332524703, 0.2495383008180559]
[0.27556045332524703, 0.2495383008180559, 0.23818072877929036]
[0.2495383008180559, 0.23818072877929036, 0.2432032899182473]
[0.23818072877929036, 0.2432032899182473, 0.27063486320269703]
[0.2432032899182473, 0.27063486320269703, 0.2724729747960223]
[0.27063486320269703, 0.2724729747960223, 0.24393163385442754]
[0.2724729747960223, 0.24393163385442754, 0.2515478776536906]
[0.24393163385442754, 0.2515478776536906, 0.23711045565871758]
[0.2515478776536906, 0.23711045565871758, 0.25586554674604267]
[0.23711045565871758, 0.25586554674604267, 0.26276985356465205]
[0.25586554674604267, 0.26276985356465205, 0.2555177884050448]
[0.26276985356465205, 0.2555177884050448, 0.2624334924146837]
[0.2555177884050448, 0.2624334924146837, 0.23812276033209018]
[0.2624334924146837, 0.23812276033209018, 0.23756663020835486]
[0.23812276033209018, 0.23756663020835486, 0.230340789508652]
[0.23756663020835486, 0.230340789508652, 0.26273717878942926]
[0.230340789508652, 0.26273717878942926, 0.16524396008965922]
[0.26273717878942926, 0.16524396008965922, 0.25585682189262554]
[0.16524396008965922, 0.25585682189262554, 0.16907950774685468]
[0.25585682189262554, 0.16907950774685468, 0.14492884651189836]
[0.16907950774685468, 0.14492884651189836, 0.18500222309142966]
[0.14492884651189836, 0.18500222309142966, 0.14928698752228164]
[0.18500222309142966, 0.14928698752228164, 0.15269200126683602]
[0.14928698752228164, 0.15269200126683602, 0.16662843159544843]
[0.15269200126683602, 0.16662843159544843, 0.15441176470588236]
[0.16662843159544843, 0.15441176470588236, 0.1538444567018788]
[0.15441176470588236, 0.1538444567018788, 0.25001751578872616]
[0.1538444567018788, 0.25001751578872616, 0.2055302026808865]
[0.25001751578872616, 0.2055302026808865, 0.16541957870116064]
[0.2055302026808865, 0.16541957870116064, 0.16499171011736755]
[0.16541957870116064, 0.16499171011736755, 0.14059069284987274]
[0.16499171011736755, 0.14059069284987274, 0.300828107677623]
[0.14059069284987274, 0.300828107677623, 0.14171122994652408]
[0.300828107677623, 0.14171122994652408, 0.27536601946081785]
[0.14171122994652408, 0.27536601946081785, 0.2904191923304661]
[0.27536601946081785, 0.2904191923304661, 0.24675563512444137]
[0.2904191923304661, 0.24675563512444137, 0.2814158120994721]
[0.24675563512444137, 0.2814158120994721, 0.25717868937782484]
[0.2814158120994721, 0.25717868937782484, 0.2504542163517208]
[0.25717868937782484, 0.2504542163517208, 0.24679011041628263]
[0.2504542163517208, 0.24679011041628263, 0.27270842174605114]
[0.24679011041628263, 0.27270842174605114, 0.25999845616900485]
[0.27270842174605114, 0.25999845616900485, 0.25999845616900485]
[0.25999845616900485, 0.25999845616900485, 0.18889497585135112]
[0.25999845616900485, 0.18889497585135112, 0.19277324099898085]
[0.18889497585135112, 0.19277324099898085, 0.1895117571039471]
[0.19277324099898085, 0.1895117571039471, 0.174597391905205]
[0.1895117571039471, 0.174597391905205, 0.3170999055271637]
[0.174597391905205, 0.3170999055271637, 0.1904275342479532]
[0.3170999055271637, 0.1904275342479532, 0.255191790759361]
[0.1904275342479532, 0.255191790759361, 0.295893507098007]
[0.255191790759361, 0.295893507098007, 0.31448297731209757]
[0.295893507098007, 0.31448297731209757, 0.30706039346960756]
[0.31448297731209757, 0.30706039346960756, 0.2615210966259066]
[0.30706039346960756, 0.2615210966259066, 0.31102813666307916]
[0.2615210966259066, 0.31102813666307916, 0.23899466761941507]
[0.31102813666307916, 0.23899466761941507, 0.17771032219922894]
[0.23899466761941507, 0.17771032219922894, 0.319586167579318]
[0.17771032219922894, 0.319586167579318, 0.319586167579318]
[0.319586167579318, 0.319586167579318, 0.31567723953533655]
[0.319586167579318, 0.31567723953533655, 0.27460015225417495]
[0.31567723953533655, 0.27460015225417495, 0.21986602396737537]
[0.27460015225417495, 0.21986602396737537, 0.3230125587817402]
[0.21986602396737537, 0.3230125587817402, 0.30674054746549445]
[0.3230125587817402, 0.30674054746549445, 0.3057856036364998]
[0.30674054746549445, 0.3057856036364998, 0.2841973129070113]
[0.3057856036364998, 0.2841973129070113, 0.28716319891016157]
