[0.21182686992838867, 0.2227031924471593, 0.2291852169762353]
[0.2227031924471593, 0.2291852169762353, 0.20289178667060231]
[0.2291852169762353, 0.20289178667060231, 0.22260400445667095]
[0.20289178667060231, 0.22260400445667095, 0.23610966874855108]
[0.22260400445667095, 0.23610966874855108, 0.2677635943591987]
[0.23610966874855108, 0.2677635943591987, 0.23610966874855108]
[0.2677635943591987, 0.23610966874855108, 0.18693662919552548]
[0.23610966874855108, 0.18693662919552548, 0.19740243439665123]
[0.18693662919552548, 0.19740243439665123, 0.2353303859713659]
[0.19740243439665123, 0.2353303859713659, 0.21495577622423856]
[0.2353303859713659, 0.21495577622423856, 0.23594689972840716]
[0.21495577622423856, 0.23594689972840716, 0.20443796660720231]
[0.23594689972840716, 0.20443796660720231, 0.1758176543389176]
[0.20443796660720231, 0.1758176543389176, 0.1913847529000337]
[0.1758176543389176, 0.1913847529000337, 0.22145411916830113]
[0.1913847529000337, 0.22145411916830113, 0.2196613296521805]
[0.22145411916830113, 0.2196613296521805, 0.1947875231764758]
[0.2196613296521805, 0.1947875231764758, 0.20717887833626875]
[0.1947875231764758, 0.20717887833626875, 0.17724048999175634]
[0.20717887833626875, 0.17724048999175634, 0.19023698642384723]
[0.17724048999175634, 0.19023698642384723, 0.19524280291032853]
[0.19023698642384723, 0.19524280291032853, 0.21208660875205856]
[0.19524280291032853, 0.21208660875205856, 0.208746340480323]
[0.21208660875205856, 0.208746340480323, 0.16898052341769082]
[0.208746340480323, 0.16898052341769082, 0.1737821521938509]
[0.16898052341769082, 0.1737821521938509, 0.1739413341426059]
[0.1737821521938509, 0.1739413341426059, 0.17211101402465]
[0.1739413341426059, 0.17211101402465, 0.19475060585832496]
[0.17211101402465, 0.19475060585832496, 0.19889029962482302]
[0.19475060585832496, 0.19889029962482302, 0.21206673324219089]
[0.19889029962482302, 0.21206673324219089, 0.1877933323186437]
[0.21206673324219089, 0.1877933323186437, 0.18547052235691333]
[0.1877933323186437, 0.18547052235691333, 0.20868140341703073]
[0.18547052235691333, 0.20868140341703073, 0.18742770387238467]
[0.20868140341703073, 0.18742770387238467, 0.20887819051109233]
[0.18742770387238467, 0.20887819051109233, 0.203038299912968]
[0.20887819051109233, 0.203038299912968, 0.23706606010271325]
[0.203038299912968, 0.23706606010271325, 0.2263925428689778]
[0.23706606010271325, 0.2263925428689778, 0.18305697169134283]
[0.2263925428689778, 0.18305697169134283, 0.21271956284209215]
[0.18305697169134283, 0.21271956284209215, 0.19215841168372308]
[0.21271956284209215, 0.19215841168372308, 0.19174480005893885]
[0.19215841168372308, 0.19174480005893885, 0.22573428327385642]
[0.19174480005893885, 0.22573428327385642, 0.19261426098041073]
[0.22573428327385642, 0.19261426098041073, 0.2123404428560869]
[0.19261426098041073, 0.2123404428560869, 0.2205405449643733]
[0.2123404428560869, 0.2205405449643733, 0.20912572986121644]
[0.2205405449643733, 0.20912572986121644, 0.20953565936764304]
[0.20912572986121644, 0.20953565936764304, 0.19052442475561848]
[0.20953565936764304, 0.19052442475561848, 0.20832977192955127]
[0.19052442475561848, 0.20832977192955127, 0.2081737761894202]
[0.20832977192955127, 0.2081737761894202, 0.24331266130075388]
[0.2081737761894202, 0.24331266130075388, 0.2435173754258549]
[0.24331266130075388, 0.2435173754258549, 0.2970866960092121]
[0.2435173754258549, 0.2970866960092121, 0.20669631853867804]
[0.2970866960092121, 0.20669631853867804, 0.206086311976992]
[0.20669631853867804, 0.206086311976992, 0.22634970071927984]
[0.206086311976992, 0.22634970071927984, 0.23372160632826544]
[0.22634970071927984, 0.23372160632826544, 0.20790972467607038]
[0.23372160632826544, 0.20790972467607038, 0.18414417204803296]
[0.20790972467607038, 0.18414417204803296, 0.15510811520713388]
[0.18414417204803296, 0.15510811520713388, 0.1966459638108616]
[0.15510811520713388, 0.1966459638108616, 0.3065140680495845]
[0.1966459638108616, 0.3065140680495845, 0.1913041136561987]
[0.3065140680495845, 0.1913041136561987, 0.1794639552011206]
[0.1913041136561987, 0.1794639552011206, 0.1624036310795297]
[0.1794639552011206, 0.1624036310795297, 0.18367462957423414]
[0.1624036310795297, 0.18367462957423414, 0.1760410684983707]
[0.18367462957423414, 0.1760410684983707, 0.3460576659849221]
[0.1760410684983707, 0.3460576659849221, 0.28382063937173274]
[0.3460576659849221, 0.28382063937173274, 0.2182446336770597]
[0.28382063937173274, 0.2182446336770597, 0.3038310885116991]
[0.2182446336770597, 0.3038310885116991, 0.17942932169663095]
[0.3038310885116991, 0.17942932169663095, 0.2703868092009134]
[0.17942932169663095, 0.2703868092009134, 0.2710791905995656]
[0.2703868092009134, 0.2710791905995656, 0.1811520594402391]
[0.2710791905995656, 0.1811520594402391, 0.1863981712120347]
[0.1811520594402391, 0.1863981712120347, 0.1863981712120347]
[0.1863981712120347, 0.1863981712120347, 0.18521396723927863]
[0.1863981712120347, 0.18521396723927863, 0.18789722020979843]
[0.18521396723927863, 0.18789722020979843, 0.1911648659968529]
[0.18789722020979843, 0.1911648659968529, 0.14905441417396129]
[0.1911648659968529, 0.14905441417396129, 0.18636440442324265]
[0.14905441417396129, 0.18636440442324265, 0.29071484656436924]
[0.18636440442324265, 0.29071484656436924, 0.30697945947699246]
[0.29071484656436924, 0.30697945947699246, 0.22948524276032461]
